Webots Project File version 8.5
perspectives: 000000ff00000000fd00000003000000000000000000000000fc0100000002fc00000000ffffffff0000000000fffffffc0200000001fb00000012005300630065006e006500540072006500650100000017000003830000000000000000fb0000001a0044006f00630075006d0065006e0074006100740069006f006e0000000000ffffffff0000005a00ffffff00000001000000a300000311fc0200000001fb0000001400540065007800740045006400690074006f00720100000019000003110000003e00ffffff000000030000073f000000dafc0100000001fb0000000e0043006f006e0073006f006c006501000000000000073f0000005a00ffffff000006960000031100000004000000040000000100000008fc00000000
simulationViewPerspectives: 000000ff0000000100000002000001840000050c0100000006010000000101
sceneTreePerspectives: 000000ff0000000100000002000000c0000001120100000006010000000201
minimizedPerspectives: 
maximizedDockId: -1
centralWidgetVisible: 1
orthographicViewHeight: 1
textFiles: -1
documentationBook: 
documentationPage: 
renderingDevicePerspectives: 133;1;0.025;0.0123839;0.00552486
